   8.4206712e-01   7.4428922e-01   6.6571251e-01   6.1375661e-01   5.9543137e-01   6.1375661e-01   6.6571251e-01   7.4428922e-01   8.4206712e-01   9.5315527e-01
   7.4428922e-01   6.3155034e-01   5.3671459e-01   4.7072983e-01   4.4657353e-01   4.7072983e-01   5.3671459e-01   6.3155034e-01   7.4428922e-01   8.6798292e-01
   6.6571251e-01   5.3671459e-01   4.2103356e-01   3.3285626e-01   2.9771569e-01   3.3285626e-01   4.2103356e-01   5.3671459e-01   6.6571251e-01   8.0162402e-01
   6.1375661e-01   4.7072983e-01   3.3285626e-01   2.1051678e-01   1.4885784e-01   2.1051678e-01   3.3285626e-01   4.7072983e-01   6.1375661e-01   7.5902905e-01
   5.9543137e-01   4.4657353e-01   2.9771569e-01   1.4885784e-01   0.0000000e+00   1.4885784e-01   2.9771569e-01   4.4657353e-01   5.9543137e-01   7.4428922e-01
   6.1375661e-01   4.7072983e-01   3.3285626e-01   2.1051678e-01   1.4885784e-01   2.1051678e-01   3.3285626e-01   4.7072983e-01   6.1375661e-01   7.5902905e-01
   6.6571251e-01   5.3671459e-01   4.2103356e-01   3.3285626e-01   2.9771569e-01   3.3285626e-01   4.2103356e-01   5.3671459e-01   6.6571251e-01   8.0162402e-01
   7.4428922e-01   6.3155034e-01   5.3671459e-01   4.7072983e-01   4.4657353e-01   4.7072983e-01   5.3671459e-01   6.3155034e-01   7.4428922e-01   8.6798292e-01
   8.4206712e-01   7.4428922e-01   6.6571251e-01   6.1375661e-01   5.9543137e-01   6.1375661e-01   6.6571251e-01   7.4428922e-01   8.4206712e-01   9.5315527e-01
   9.5315527e-01   8.6798292e-01   8.0162402e-01   7.5902905e-01   7.4428922e-01   7.5902905e-01   8.0162402e-01   8.6798292e-01   9.5315527e-01   1.0525839e+00
